$ 1 0.000005 10.20027730826997 57 5 50 5e-11
v -32 256 -32 176 0 1 40 5 0 0 0.5
g -32 320 -32 368 0 3
r -32 176 64 176 0 1000
r 64 208 208 208 0 1000
w 208 208 208 256 0
w 64 176 64 208 0
w 64 208 64 240 0
w -32 320 64 320 0
w 64 272 64 320 0
a 64 256 208 256 8 15 -15 1000000 -0.000049412564979640275 0 100000
O 528 208 592 208 0 0
g -32 256 -32 288 0 3
v -32 112 -32 32 0 1 40 2 0 0 0.5
g -32 112 -32 144 0 3
r -32 32 240 32 0 1000
r 256 208 336 208 0 1000
w 208 208 256 208 0
g 256 320 256 368 0 3
w 256 208 256 224 0
p 256 224 256 320 1 0 0
a 384 256 528 256 8 15 -15 1000000 0.000029646254299635335 0 100000
w 336 208 384 208 0
w 240 32 384 32 0
w 384 32 384 208 0
w 384 208 384 240 0
r 384 208 528 208 0 1000
w 528 208 528 256 0
g 384 272 384 320 0 3
o 0 64 0 4098 5 0.025 0 2 0 3 Eingangsspannung\sU_2
o 12 64 0 4098 5 0.025 1 2 12 3 Eingangsspannung\sU_1
o 10 64 0 4098 5 0.1 2 1 Ausgangsspannung\sU_A
38 12 F1 0 0 10 -1 Max\sVoltage
38 0 F1 0 0 10 -1 Max\sVoltage
