$ 1 0.000005 16.13108636308289 57 5 50 5e-11
a 288 208 432 208 8 15 -15 1000000 -0.5515555927012896 -0.5515666238131437 100000
w 288 128 288 192 0
w 432 208 432 128 0
w 288 224 288 272 0
g 288 304 288 336 0 3
w 192 224 144 224 0
w 144 224 144 192 0
w 144 224 144 256 0
r 144 192 80 192 0 1000
r 80 256 144 256 0 1000
R 80 192 32 192 0 1 200 5 0 0 0.5
R 80 256 32 256 0 2 20 2 0 0 0.5
O 432 208 496 208 0 0
r 288 272 288 304 0 1000
g 144 128 144 160 0 3
w 192 224 288 224 0
r 288 128 432 128 0 1000
r 144 128 288 128 0 1000
o 10 64 0 4098 5 0.025 0 2 10 3
o 11 64 0 4098 2.5 0.0125 0 2 11 3
o 12 64 0 4098 20 0.00009765625 1 1
38 10 F1 0 0 5 -1 Max\sVoltage
38 17 F1 0 1 2000 -1 R1
38 16 F1 0 1 2000 -1 R2