$ 1 0.000005 10.20027730826997 50 5 50 5e-11
b 256 304 682 653 0
162 912 480 912 592 2 default-led 0 1 0 0.01
162 912 368 912 480 2 default 1 0 0 0.01
v 144 592 144 368 0 0 40 5 0 0 0.5
w 144 368 272 368 0
w 144 592 272 592 0
w 912 368 672 368 0
w 912 592 672 592 0
w 272 592 512 592 0
w 272 368 368 368 0
w 560 368 672 368 0
w 912 480 672 480 0
b 814 59 1102 279 0
r 864 176 1056 176 0 1000
r 864 224 1056 224 0 1000
w 864 96 1056 96 0
w 1056 128 864 128 0
x 834 49 1090 52 4 24 Drag-And-Drop\sBauteile
x 128 288 789 291 4 24 Baue\sdie\sTeile\saus\sdem\skleinen\sKasten\sin\sdiese\sSchaltung\sein!
x 941 544 1061 547 4 24 Grüne\sLED
x 943 432 1047 435 4 24 Rote\sLED
