$ 1 0.0000049999999999999996 10.20027730826997 50 5 50 5e-11
v 384 448 384 288 0 0 40 5 0 0 0.5
r 560 288 384 288 0 200
c 576 448 576 336 0 0.00019999999999999998 0 0
w 384 448 576 448 0
S 576 336 576 288 0 1 false 0 2
b 639 246 883 500 0
w 592 288 656 288 0
w 576 448 656 448 0
x 645 232 881 235 4 24 Für\sZusatzaufgabe\sd):
o 1 64 0 4099 0.0000762939453125 0.00009765625 0 2 1 3
o 2 64 0 4099 0.0000762939453125 0.00009765625 1 2 2 3
38 1 F1 0 200 400 -1 Widerstand\sR
38 2 F1 0 0.00019999999999999998 0.00039999999999999996 -1 Kapazität\sC