$ 1 0.000005 32.755850052045055 57 5 50 5e-11
181 32 368 32 464 0 4490.608929547514 100 120 0.1 0.1
181 32 176 32 288 0 2052.1416480942207 100 120 0.1 0.1
w 32 368 -48 368 0
w 32 464 -48 464 0
403 80 416 208 480 0 0_64_0_20482_320_51.2_-1_2_0_3
v -48 176 -48 288 0 1 50 134 0 0 0.5
w -48 288 32 288 0
w -48 176 32 176 0
403 96 224 224 288 0 1_64_0_4098_160_6.4_-1_2_1_3
v -48 464 -48 368 0 0 40 162.63 0 0 0.5
x -203 197 -92 200 4 20 Schaltung\s1:
x -201 378 -90 381 4 20 Schaltung\s2:
38 5 F1 0 100 300 -1 Max\sVoltage