$ 1 0.000005 19.867427341514983 50 5 50 5e-11
v 400 96 400 224 0 1 60 5 0 0 0.5
v 400 288 400 416 0 1 60 5 0 0 0.5
v 400 480 400 608 0 1 60 5 0 0 0.5
r 400 96 560 96 0 100
w 400 224 560 224 0
r 400 288 560 288 0 100
w 400 416 560 416 0
r 400 480 560 480 0 100
w 400 608 560 608 0
l 560 96 560 224 0 1 -0.012107144865327891 0
l 560 288 560 416 0 0.75 -0.014804858788674703 0
l 560 480 560 608 0 0.5 -0.018806343975488735 0
403 592 112 864 224 0 9_64_0_4097_6.5536_0.025639138246192465_-1_2_9_3
403 592 304 864 400 0 10_64_0_4097_10_0.05_-1_2_10_3
403 592 496 864 592 0 11_64_0_4097_10_0.05_-1_2_11_3
x 293 165 322 168 4 24 (1)
x 290 355 319 358 4 24 (2)
x 294 546 323 549 4 24 (3)